A7 PAIRED RADIUS-GAIN TARGET-NOISE ANALYSIS

Read-only descriptive follow-through on results_target_noise_refit.csv and the
current keep-last sweep_<network>.csv files.  No targets, fits, or simulations ran.
Scope: 45 adjacent-radius contrasts (5 networks x 3 Monte Carlo targets x 3 gains),
richest dynamic tier only; 200 paired target-bootstrap replicates and 10 paired seeds.

Heuristic copied from analyse.py section 3: |mean paired gain| > 2 * sample SD.
Seed flags: 41/45; paired target-bootstrap flags: 38/45.
Flag changes (target-bootstrap relative to seed): retained=38, lost=3, new=0, neither=4.
Target/seed paired-SD ratio: median 1.733; range 0.700--3.984 over 45 nonzero-denominator contrasts.

Percentile spans are observed distribution percentiles, not CIs, p-values, or
multiplicity-adjusted tests. The two distributions are conditional on different
perturbations; their SDs are not combined and this is not a total-uncertainty claim.
The refit CSV covers the richest dynamic tier, while headline radius tables use the
richest structural tier. Results here do not alter headline stars or all-star claims.

Input/source SHA-256 (repository-relative labels):
SHA256 c4eb17df788682dd4f69adb2d1733f66b4326afbf64134bcc5c7cc7264d627d3  results_target_noise_refit.csv
SHA256 eb3dd1f6d4d56c1a79162ba897eba877b2f2c4650aa98f082b835161ffc6b159  sweep_ca-GrQc.csv
SHA256 c824274b567f846d1df5debd2ee9d9b721ac0653b7143b1235d878c5bed3215a  sweep_ca-HepTh.csv
SHA256 f75bdfe361f08fe0a4885110b66bf69e0f3f284597a9d7412f893d0d41c1f015  sweep_email-Eu-core.csv
SHA256 f8ebcbecf9a16d57bd60e2826c3ce2823481ab9601bfd87eac9614bba49cce90  sweep_facebook_combined.csv
SHA256 a19b18f5db908767b1dbfdc6612693abe6d95934f17ec8d4968e14470b0152a6  sweep_p2p-Gnutella08.csv
SHA256 e08d69b3936908d54dc233a87cfe50d56f8de7a3765b9afdcb4b8945989f0a15  analyse_paired_target_noise.py
SHA256 20f94aac1a5afb036bbf72fc6f109602d69c3c3778c87caf57d18bdeec2094b8  results/results_paired_target_noise.csv

Per contrast (gain = tau(r+1) - tau(r); variance identity = var(lower) +
var(upper) - 2*covariance):
network,target,radius_from,radius_to,target_n,target_mean,target_sd,target_positive,target_zero,target_negative,target_p025,target_p975,target_lower_variance,target_upper_variance,target_covariance,target_variance_identity,target_heuristic_star,seed_n,seed_mean,seed_sd,seed_positive,seed_zero,seed_negative,seed_p025,seed_p975,seed_lower_variance,seed_upper_variance,seed_covariance,seed_variance_identity,seed_heuristic_star,target_over_seed_sd,seed_over_target_sd,flag_change
ca-GrQc,spread_cv,0,1,200,0.239173424,0.0037450388,200,0,0,0.232079382,0.24669414,1.00915826e-05,2.22420175e-05,9.15414222e-06,1.40253156e-05,True,10,0.247545431,0.0039091148,10,0,0,0.241208728,0.252462604,3.52614319e-06,5.3666602e-06,-3.19418758e-06,1.52811786e-05,True,0.958027324,1.04381156,retained
ca-GrQc,spread_cv,1,2,200,0.0866601392,0.00341208144,200,0,0,0.0793181344,0.0931913841,2.22420175e-05,2.10725492e-05,1.58361335e-05,1.16422997e-05,True,10,0.0971352422,0.00156237745,10,0,0,0.0955447206,0.0993853192,5.3666602e-06,3.29866467e-06,3.11215079e-06,2.44102329e-06,True,2.18390341,0.457895709,retained
ca-GrQc,spread_cv,2,3,200,0.0114302289,0.00192118219,200,0,0,0.00785777606,0.0150240787,2.10725492e-05,1.87840494e-05,1.80828288e-05,3.69094102e-06,True,10,0.0158759329,0.00102686061,10,0,0,0.0141946309,0.0172983781,3.29866467e-06,2.40943918e-06,2.32683058e-06,1.05444271e-06,True,1.87092793,0.534494131,retained
ca-GrQc,spread_mean,0,1,200,0.129986246,0.00133060868,200,0,0,0.127658863,0.132697415,1.82202758e-06,2.27489605e-06,1.16320209e-06,1.77051945e-06,True,10,0.139987627,0.00190025925,10,0,0,0.1381258,0.143347705,3.48941481e-06,5.3212597e-07,2.05277781e-07,3.61098522e-06,True,0.700224812,1.42811278,retained
ca-GrQc,spread_mean,1,2,200,0.0175884377,0.00109098284,200,0,0,0.0154682768,0.0194660251,2.27489605e-06,1.63538664e-06,1.36001957e-06,1.19024356e-06,True,10,0.0215140664,0.000592226633,10,0,0,0.0208325727,0.0223135961,5.3212597e-07,1.31485333e-07,1.56439459e-07,3.50732385e-07,True,1.84217119,0.542837715,retained
ca-GrQc,spread_mean,2,3,200,0.00211456823,0.000467103425,200,0,0,0.00125423256,0.00311418061,1.63538664e-06,1.62661517e-06,1.5219081e-06,2.18185609e-07,True,10,0.00271267442,0.00030093375,10,0,0,0.00217346748,0.0030662779,1.31485333e-07,1.04028815e-07,7.24765133e-08,9.05611221e-08,True,1.55218025,0.644255072,retained
ca-GrQc,spread_resid,0,1,200,0.333233437,0.00825880351,200,0,0,0.316402377,0.347558413,2.855111e-05,5.00080257e-05,5.17565017e-06,6.82078354e-05,True,10,0.305976951,0.00490567954,10,0,0,0.29878223,0.314054344,7.7224513e-06,6.26198006e-06,-5.04063022e-06,2.40656918e-05,True,1.68351875,0.593993977,retained
ca-GrQc,spread_resid,1,2,200,0.104169281,0.00551802344,200,0,0,0.092787461,0.113935675,5.00080257e-05,5.24454716e-05,3.60024573e-05,3.04485827e-05,True,10,0.122363109,0.00186968592,10,0,0,0.120155287,0.125936564,6.26198006e-06,1.88953575e-06,2.32789519e-06,3.49572542e-06,True,2.95131038,0.338832543,retained
ca-GrQc,spread_resid,2,3,200,0.0127009849,0.00302069643,200,0,0,0.00744704798,0.0184346351,5.24454716e-05,4.45706606e-05,4.39457627e-05,9.12460695e-06,True,10,0.0191689601,0.00122794499,10,0,0,0.0173752518,0.0204603359,1.88953575e-06,4.13696428e-06,2.25932557e-06,1.50784889e-06,True,2.45996072,0.406510557,retained
ca-HepTh,spread_cv,0,1,200,0.326911623,0.00288534455,200,0,0,0.321538231,0.332429464,3.34370747e-06,9.26602295e-06,2.14225862e-06,8.32521319e-06,True,10,0.34267699,0.0007904088,10,0,0,0.34169422,0.343710636,5.86325019e-07,5.16810263e-07,2.39194605e-07,6.24746072e-07,True,3.65044589,0.273939138,retained
ca-HepTh,spread_cv,1,2,200,0.115348569,0.0020989616,200,0,0,0.111276175,0.118877662,9.26602295e-06,8.11495543e-06,6.4876693e-06,4.40563979e-06,True,10,0.129161518,0.000828962059,10,0,0,0.127700019,0.130109143,5.16810263e-07,5.49981188e-07,1.89806678e-07,6.87178095e-07,True,2.53203579,0.394939126,retained
ca-HepTh,spread_cv,2,3,200,0.0174778718,0.00124249466,200,0,0,0.0151021626,0.0198190013,8.11495543e-06,7.77521303e-06,7.17318774e-06,1.54379299e-06,True,10,0.02183508,0.000517951473,10,0,0,0.0211391692,0.0226814273,5.49981188e-07,1.85997724e-07,2.33852592e-07,2.68273728e-07,True,2.39886308,0.416864143,retained
ca-HepTh,spread_mean,0,1,200,0.171002172,0.00086967339,200,0,0,0.169407949,0.1727313,7.69584331e-07,1.15416352e-06,5.83708025e-07,7.56331805e-07,True,10,0.178475253,0.000773391892,10,0,0,0.177319514,0.17942122,4.90984316e-07,8.98592851e-08,-8.645709e-09,5.98135019e-07,True,1.12449251,0.88929005,retained
ca-HepTh,spread_mean,1,2,200,0.0390757747,0.000784428928,200,0,0,0.0375931373,0.0405716433,1.15416352e-06,8.12791262e-07,6.75813022e-07,6.15328743e-07,True,10,0.0449511596,0.00032187692,10,0,0,0.0444562859,0.0454829946,8.98592851e-08,3.48734179e-08,1.05639758e-08,1.03604751e-07,True,2.43704621,0.410332802,retained
ca-HepTh,spread_mean,2,3,200,0.00383916379,0.000320207287,200,0,0,0.00330526817,0.00455234519,8.12791262e-07,7.38576073e-07,7.24417315e-07,1.02532706e-07,True,10,0.00490761072,0.000180686829,10,0,0,0.00455439855,0.0051249661,3.48734179e-08,5.48122588e-08,2.85189732e-08,3.26477302e-08,True,1.77216728,0.564280817,retained
ca-HepTh,spread_resid,0,1,200,0.255597053,0.00518343377,200,0,0,0.243831391,0.264918209,2.28141743e-05,1.42393913e-05,5.09278999e-06,2.68679856e-05,True,10,0.259351511,0.00130107281,10,0,0,0.257791825,0.26176398,2.81101256e-07,1.70788362e-06,1.48097205e-07,1.69279047e-06,True,3.98396901,0.251005969,retained
ca-HepTh,spread_resid,1,2,200,0.131177978,0.00327988588,200,0,0,0.124893012,0.138012353,1.42393913e-05,1.30329853e-05,8.25736257e-06,1.07576514e-05,True,10,0.14668893,0.00189292413,10,0,0,0.144079211,0.149716832,1.70788362e-06,1.51821013e-06,-1.78533999e-07,3.58316175e-06,True,1.73270858,0.577131094,retained
ca-HepTh,spread_resid,2,3,200,0.0208073165,0.00148521244,200,0,0,0.0182166492,0.0240382183,1.30329853e-05,1.29826591e-05,1.19048942e-05,2.20585599e-06,True,10,0.0262819776,0.00106684042,10,0,0,0.0245371895,0.027913924,1.51821013e-06,2.50583065e-07,3.15322355e-07,1.13814848e-06,True,1.39215989,0.718308299,retained
email-Eu-core,spread_cv,0,1,200,0.0927266792,0.00226131328,200,0,0,0.0882288446,0.0975148142,1.058907e-05,9.56255646e-06,7.51904433e-06,5.11353776e-06,True,10,0.0974083789,0.0010770478,10,0,0,0.0962430741,0.099576137,1.42069553e-06,1.01592881e-06,6.38296185e-07,1.16003197e-06,True,2.09954774,0.476293052,retained
email-Eu-core,spread_cv,1,2,200,0.00345033122,0.00107758676,200,0,0,0.00141517615,0.00567805568,9.56255646e-06,8.35950671e-06,8.38043497e-06,1.16119323e-06,True,10,0.00345275092,0.000568337631,10,0,0,0.00261335702,0.00421539448,1.01592881e-06,6.94941436e-07,6.93931293e-07,3.23007663e-07,True,1.89603275,0.52741705,retained
email-Eu-core,spread_cv,2,3,200,0.00446237406,0.000830388318,200,0,0,0.00287416148,0.0059275848,8.35950671e-06,7.97491174e-06,7.82243685e-06,6.89544759e-07,True,10,0.00558976654,0.000631811174,10,0,0,0.00462108143,0.00649976444,6.94941436e-07,3.2329274e-07,3.09524408e-07,3.9918536e-07,True,1.31429825,0.760862311,retained
email-Eu-core,spread_mean,0,1,200,0.0946227147,0.00108205243,200,0,0,0.0924956959,0.0967452047,1.02546231e-06,6.78615995e-07,2.6662042e-07,1.17083747e-06,True,10,0.0975578187,0.000952712296,10,0,0,0.0961987017,0.0985919058,1.37286102e-06,1.2126821e-07,2.93234256e-07,9.07660719e-07,True,1.13575991,0.880467774,retained
email-Eu-core,spread_mean,1,2,200,0.00339735573,0.00067102462,200,0,0,0.00223190259,0.00470169045,6.78615995e-07,6.07704831e-07,4.18023392e-07,4.50274041e-07,True,10,0.00414614489,0.000527119797,10,0,0,0.00361108791,0.00517565584,1.2126821e-07,3.02708479e-07,7.30607044e-08,2.7785528e-07,True,1.27300212,0.785544645,retained
email-Eu-core,spread_mean,2,3,200,0.00436528601,0.000613180992,200,0,0,0.00330949713,0.00560706685,6.07704831e-07,7.36970261e-07,4.84342081e-07,3.75990929e-07,True,10,0.0049024837,0.000652365298,10,0,0,0.00385172884,0.00591669704,3.02708479e-07,1.44751622e-07,1.09398098e-08,4.25580482e-07,True,0.939935024,1.06390333,retained
email-Eu-core,spread_resid,0,1,200,0.0357209069,0.0426311248,159,0,41,-0.0447267125,0.11614366,0.00104450494,0.00111309876,0.000170095448,0.0018174128,False,10,0.0347332057,0.0228628675,10,0,0,0.00732969086,0.0729694707,0.000144236867,0.000180041745,-9.92160493e-05,0.000522710711,False,1.8646447,0.536295198,neither
email-Eu-core,spread_resid,1,2,200,-0.00519247081,0.0216619717,80,0,120,-0.0506254377,0.0384654611,0.00111309876,0.00103784962,0.000840853683,0.000469241019,False,10,0.0299995836,0.00958928429,10,0,0,0.0159120767,0.045387503,0.000180041745,0.00016593069,0.000127009031,9.19543731e-05,True,2.2589769,0.442678275,lost
email-Eu-core,spread_resid,2,3,200,0.00364159605,0.0181175683,117,0,83,-0.0305877159,0.0378944895,0.00103784962,0.00109252716,0.000901065249,0.000328246282,False,10,-0.0147099941,0.0145482842,2,0,8,-0.0350231847,0.00605584034,0.00016593069,0.000144565893,4.94220048e-05,0.000211652573,False,1.24534055,0.802993202,neither
facebook_combined,spread_cv,0,1,200,0.680152748,0.00613757936,200,0,0,0.668060106,0.691615897,1.52620718e-05,3.8333524e-05,7.96285772e-06,3.76698804e-05,True,10,0.689712986,0.00496508333,10,0,0,0.681242982,0.69612678,1.99964316e-05,2.23272298e-06,-1.21144893e-06,2.46520524e-05,True,1.23614831,0.80896442,retained
facebook_combined,spread_cv,1,2,200,0.00202360467,0.00165752182,177,0,23,-0.00128236101,0.00502135173,3.8333524e-05,3.58387104e-05,3.57124279e-05,2.74737859e-06,False,10,0.00282937896,0.000955730353,10,0,0,0.00196020784,0.00470815201,2.23272298e-06,2.01657187e-06,1.66793717e-06,9.13420508e-07,True,1.73429861,0.576601973,lost
facebook_combined,spread_cv,2,3,200,-0.000697692213,0.00130449508,53,0,147,-0.00314581871,0.00193454141,3.58387104e-05,3.50551459e-05,3.45960745e-05,1.70170742e-06,False,10,-0.000303702726,0.000727008465,3,0,7,-0.00143768845,0.000730339906,2.01657187e-06,1.36529413e-06,1.42666234e-06,5.28541308e-07,False,1.79433273,0.557310238,neither
facebook_combined,spread_mean,0,1,200,0.274594601,0.00135315901,200,0,0,0.271697061,0.277019039,1.30595252e-06,7.90679402e-07,1.32796311e-07,1.8310393e-06,True,10,0.285330863,0.00126685016,10,0,0,0.28363825,0.287542843,1.64091146e-06,7.32088694e-08,5.46055077e-08,1.60490932e-06,True,1.0681287,0.936216771,retained
facebook_combined,spread_mean,1,2,200,0.00133604776,0.000323788491,199,0,1,0.000680659894,0.00191980023,7.90679402e-07,7.9939936e-07,7.42619888e-07,1.04838987e-07,True,10,0.00168444947,0.000352532779,10,0,0,0.00113165823,0.00217777352,7.32088694e-08,1.82610206e-07,6.57698576e-08,1.2427936e-07,True,0.918463504,1.08877489,retained
facebook_combined,spread_mean,2,3,200,0.00103686273,0.000212373728,200,0,0,0.000633163657,0.00144057163,7.9939936e-07,8.20045012e-07,7.87170886e-07,4.51026002e-08,True,10,0.00121556304,0.000175567004,10,0,0,0.00100355142,0.00153133521,1.82610206e-07,1.47458959e-07,1.49622696e-07,3.08237729e-08,True,1.20964488,0.826688904,retained
facebook_combined,spread_resid,0,1,200,0.419610193,0.00829369181,200,0,0,0.405034364,0.435392852,2.51188453e-05,5.71767766e-05,6.75514903e-06,6.87853238e-05,True,10,0.429495407,0.00473533448,10,0,0,0.422613353,0.435737449,6.84723847e-06,8.812635e-06,-3.3817596e-06,2.24233927e-05,True,1.75144794,0.570956167,retained
facebook_combined,spread_resid,1,2,200,0.00461637036,0.00246183469,194,0,6,-0.000405957506,0.00851634118,5.71767766e-05,6.04392011e-05,5.57776738e-05,6.06063006e-06,False,10,0.00676857026,0.00192991687,10,0,0,0.00422656361,0.0102627617,8.812635e-06,4.69739961e-06,4.89272775e-06,3.72457911e-06,True,1.27561696,0.783934385,lost
facebook_combined,spread_resid,2,3,200,0.00075882491,0.00114343399,155,0,45,-0.00129840969,0.00363072923,6.04392011e-05,5.75414439e-05,5.83366018e-05,1.30744128e-06,False,10,0.00136271181,0.000897911493,9,0,1,-0.000119656038,0.00282239905,4.69739961e-06,2.5388989e-06,3.21502673e-06,8.0624505e-07,False,1.2734373,0.785276198,neither
p2p-Gnutella08,spread_cv,0,1,200,0.126158339,0.00345073955,200,0,0,0.120216403,0.132938441,1.81579355e-05,1.53321417e-05,1.07912369e-05,1.19076034e-05,True,10,0.13625011,0.0017385887,10,0,0,0.133628137,0.139095298,1.27454689e-06,3.31590787e-06,7.83882043e-07,3.02269067e-06,True,1.9847935,0.503830752,retained
p2p-Gnutella08,spread_cv,1,2,200,0.110487393,0.00486304559,200,0,0,0.0997597283,0.119114134,1.53321417e-05,2.44086996e-05,8.04581447e-06,2.36492124e-05,True,10,0.125969646,0.00271806958,10,0,0,0.122117271,0.130008591,3.31590787e-06,5.47922886e-06,7.03617247e-07,7.38790223e-06,True,1.7891542,0.558923318,retained
p2p-Gnutella08,spread_cv,2,3,200,0.0526845668,0.00337627239,200,0,0,0.0462072974,0.0606018371,2.44086996e-05,2.3517821e-05,1.82636527e-05,1.13992153e-05,True,10,0.0609110291,0.00253155827,10,0,0,0.0561857362,0.0640374081,5.47922886e-06,9.58248535e-07,1.4345051e-08,6.40878729e-06,True,1.33367358,0.749808659,retained
p2p-Gnutella08,spread_mean,0,1,200,0.126230151,0.00108708371,200,0,0,0.124119919,0.128296048,1.57565094e-06,1.44909705e-06,9.21498501e-07,1.18175098e-06,True,10,0.131570179,0.00146397494,10,0,0,0.129664654,0.133948992,1.50274814e-06,1.04664611e-06,2.03085814e-07,2.14322263e-06,True,0.742556225,1.34669937,retained
p2p-Gnutella08,spread_mean,1,2,200,0.0753344215,0.00127550254,200,0,0,0.0730967571,0.0777344832,1.44909705e-06,2.00061877e-06,9.1140454e-07,1.62690674e-06,True,10,0.084618967,0.00120370338,10,0,0,0.0829507285,0.0863645998,1.04664611e-06,3.85895352e-07,-8.18017642e-09,1.44890182e-06,True,1.05964856,0.943709114,retained
p2p-Gnutella08,spread_mean,2,3,200,0.0241389079,0.000898504827,200,0,0,0.0224738257,0.0259390566,2.00061877e-06,1.89568817e-06,1.54449801e-06,8.07310924e-07,True,10,0.0292260521,0.000732830709,10,0,0,0.0282597849,0.0305669852,3.85895352e-07,9.6601533e-08,-2.72719813e-08,5.37040847e-07,True,1.2260742,0.815611321,retained
p2p-Gnutella08,spread_resid,0,1,200,0.0896279071,0.0119661543,200,0,0,0.0633998134,0.110756129,3.35060688e-05,0.000165157406,2.77373135e-05,0.000143188848,True,10,0.116530615,0.00442842242,10,0,0,0.110284354,0.122885544,9.18277407e-06,1.61798659e-05,2.87585742e-06,1.96109251e-05,True,2.70212575,0.370079001,retained
p2p-Gnutella08,spread_resid,1,2,200,0.107520154,0.0114993425,200,0,0,0.0882571583,0.131254153,0.000165157406,8.14558742e-05,5.71892016e-05,0.000132234877,True,10,0.116756616,0.00539095769,10,0,0,0.11035962,0.125874391,1.61798659e-05,4.59336639e-06,-4.14459625e-06,2.90624248e-05,True,2.13307971,0.468805734,retained
p2p-Gnutella08,spread_resid,2,3,200,0.0514026542,0.00588515507,200,0,0,0.0401504743,0.0633833592,8.14558742e-05,8.5023351e-05,6.59220875e-05,3.46350502e-05,True,10,0.0645058194,0.00378317043,10,0,0,0.0607167147,0.0711301594,4.59336639e-06,8.76059683e-06,-4.79207626e-07,1.43123785e-05,True,1.55561458,0.642832752,retained
