PHASE 6 STRUCTURAL-TIER PAIRED RADIUS-GAIN TARGET-NOISE ANALYSIS

Read-only analysis of the completed structural-tier target-bootstrap corpus and current
keep-last structural seed sweeps. No targets, fits, or simulations ran during analysis.
Scope: 45 adjacent-radius contrasts (5 networks x 3 Monte Carlo targets x 3 gains),
node+edge+subgraph only; 200 paired target-bootstrap replicates and 10 paired seeds.

Heuristic copied from analyse.py: |mean paired gain| > 2 * sample SD.
Seed flags: 41/45; target-bootstrap flags: 38/45.
Flag changes (target-bootstrap relative to seed): retained=38, lost=3, new=0, neither=4.
Target/seed paired-SD ratio: median 1.700; range 0.700--3.984 over 45 nonzero-denominator contrasts.

Percentile spans are observed distribution percentiles, not CIs, p-values, or
multiplicity-adjusted tests. The target-bootstrap and seed distributions condition on
different perturbations; their SDs are not combined into total uncertainty.

Input/source SHA-256 (repository-relative labels):
SHA256 38c1153be7fab865b3cb488c1ef3ae3683da495564ffb0de7c45edac8f1cd501  results/results_target_noise_refit_structural.csv
SHA256 2f6dd08a3ec89e6e1c873b0e148a1d71c6e63cbb3b366f16ac5cefa644d4120d  results/provenance_target_noise_refit_structural.json
SHA256 eb3dd1f6d4d56c1a79162ba897eba877b2f2c4650aa98f082b835161ffc6b159  sweep_ca-GrQc.csv
SHA256 c824274b567f846d1df5debd2ee9d9b721ac0653b7143b1235d878c5bed3215a  sweep_ca-HepTh.csv
SHA256 f75bdfe361f08fe0a4885110b66bf69e0f3f284597a9d7412f893d0d41c1f015  sweep_email-Eu-core.csv
SHA256 f8ebcbecf9a16d57bd60e2826c3ce2823481ab9601bfd87eac9614bba49cce90  sweep_facebook_combined.csv
SHA256 a19b18f5db908767b1dbfdc6612693abe6d95934f17ec8d4968e14470b0152a6  sweep_p2p-Gnutella08.csv
SHA256 cd130c08ab70a049de69c6a1afdce00405d392dd1ecefcf503fa9dee4786c68c  analyse_structural_target_noise.py
SHA256 e08d69b3936908d54dc233a87cfe50d56f8de7a3765b9afdcb4b8945989f0a15  analyse_paired_target_noise.py
SHA256 d2631a60338f70627655785e13bf10ef078885eb08c01129c5fec0b4401b7ca9  results/results_paired_target_noise_structural.csv

Per contrast (gain = tau(r+1) - tau(r); variance identity = var(lower) +
var(upper) - 2*covariance):
network,target,radius_from,radius_to,target_n,target_mean,target_sd,target_positive,target_zero,target_negative,target_p025,target_p975,target_lower_variance,target_upper_variance,target_covariance,target_variance_identity,target_heuristic_star,seed_n,seed_mean,seed_sd,seed_positive,seed_zero,seed_negative,seed_p025,seed_p975,seed_lower_variance,seed_upper_variance,seed_covariance,seed_variance_identity,seed_heuristic_star,target_over_seed_sd,flag_change
ca-GrQc,spread_mean,0,1,200,0.129986246,0.00133060832,200,0,0,0.127658863,0.132697415,1.82202758e-06,2.27489642e-06,1.16320275e-06,1.77051851e-06,True,10,0.139987627,0.00190025925,10,0,0,0.1381258,0.143347705,3.48941481e-06,5.3212597e-07,2.05277781e-07,3.61098522e-06,True,0.700224626,retained
ca-GrQc,spread_mean,1,2,200,0.0171230127,0.00108215742,200,0,0,0.0150992493,0.0189925205,2.27489642e-06,1.58125122e-06,1.34254149e-06,1.17106467e-06,True,10,0.0209004774,0.000596717274,10,0,0,0.0202236581,0.021651625,5.3212597e-07,1.81835749e-07,1.78945107e-07,3.56071505e-07,True,1.81351783,retained
ca-GrQc,spread_mean,2,3,200,0.00201610819,0.000425724227,200,0,0,0.00117716338,0.00280380134,1.58125122e-06,1.61821798e-06,1.50911404e-06,1.81241117e-07,True,10,0.00250889423,0.000159075448,10,0,0,0.00225261487,0.00271038538,1.81835749e-07,1.56528283e-07,1.56529517e-07,2.53049981e-08,True,2.67624095,retained
ca-GrQc,spread_cv,0,1,200,0.239173424,0.0037450388,200,0,0,0.232079382,0.24669414,1.00915826e-05,2.22420175e-05,9.15414222e-06,1.40253156e-05,True,10,0.247545431,0.0039091148,10,0,0,0.241208728,0.252462604,3.52614319e-06,5.3666602e-06,-3.19418758e-06,1.52811786e-05,True,0.958027324,retained
ca-GrQc,spread_cv,1,2,200,0.0867139701,0.00340220354,200,0,0,0.0795221984,0.0931003164,2.22420175e-05,2.07377932e-05,1.57024109e-05,1.1574989e-05,True,10,0.0971767669,0.00154505383,10,0,0,0.0956281872,0.0993860369,5.3666602e-06,3.32827335e-06,3.1538711e-06,2.38719134e-06,True,2.20199677,retained
ca-GrQc,spread_cv,2,3,200,0.0114453668,0.0019223053,200,0,0,0.00790039153,0.0152190404,2.07377932e-05,1.88379752e-05,1.79402554e-05,3.69525767e-06,True,10,0.0159347771,0.00112762059,10,0,0,0.0141354974,0.0176091872,3.32827335e-06,2.72543699e-06,2.39109107e-06,1.27152819e-06,True,1.70474477,retained
ca-GrQc,spread_resid,0,1,200,0.333233437,0.00825880351,200,0,0,0.316402377,0.347558413,2.855111e-05,5.00080257e-05,5.17565017e-06,6.82078354e-05,True,10,0.305976951,0.00490567954,10,0,0,0.29878223,0.314054344,7.7224513e-06,6.26198006e-06,-5.04063022e-06,2.40656918e-05,True,1.68351875,retained
ca-GrQc,spread_resid,1,2,200,0.1041294,0.00558450867,200,0,0,0.0926517502,0.11346251,5.00080257e-05,5.31127802e-05,3.59670344e-05,3.11867371e-05,True,10,0.122245335,0.00212952785,10,0,0,0.11951914,0.126134626,6.26198006e-06,2.2694112e-06,1.99825119e-06,4.53488887e-06,True,2.62241636,retained
ca-GrQc,spread_resid,2,3,200,0.01269043,0.00290836422,200,0,0,0.00778955139,0.0181658152,5.31127802e-05,4.40047215e-05,4.43294596e-05,8.45858243e-06,True,10,0.0194452611,0.00106900008,10,0,0,0.0176621751,0.0206395362,2.2694112e-06,3.72415787e-06,2.42540395e-06,1.14276116e-06,True,2.72063986,retained
ca-HepTh,spread_mean,0,1,200,0.171002173,0.000869673447,200,0,0,0.169407949,0.1727313,7.69584331e-07,1.1541638e-06,5.83708113e-07,7.56331904e-07,True,10,0.178475253,0.000773391892,10,0,0,0.177319514,0.17942122,4.90984316e-07,8.98592851e-08,-8.645709e-09,5.98135019e-07,True,1.12449258,retained
ca-HepTh,spread_mean,1,2,200,0.0389687302,0.00078874159,200,0,0,0.0374446952,0.0405292879,1.1541638e-06,8.03544369e-07,6.67797435e-07,6.22113296e-07,True,10,0.0448237658,0.000306829565,10,0,0,0.0443660237,0.0453779409,8.98592851e-08,3.2899788e-08,1.43073455e-08,9.41443821e-08,True,2.57061796,retained
ca-HepTh,spread_mean,2,3,200,0.00373588414,0.000315618744,200,0,0,0.0031787982,0.00440449267,8.03544369e-07,7.45026992e-07,7.24478085e-07,9.96151917e-08,True,10,0.00474221744,0.000183504868,10,0,0,0.00444224822,0.00496117784,3.2899788e-08,5.69632275e-08,2.80944894e-08,3.36740367e-08,True,1.71994753,retained
ca-HepTh,spread_cv,0,1,200,0.326911623,0.00288534455,200,0,0,0.321538231,0.332429464,3.34370747e-06,9.26602295e-06,2.14225862e-06,8.32521319e-06,True,10,0.34267699,0.0007904088,10,0,0,0.34169422,0.343710636,5.86325019e-07,5.16810263e-07,2.39194605e-07,6.24746072e-07,True,3.65044589,retained
ca-HepTh,spread_cv,1,2,200,0.115354518,0.00208852132,200,0,0,0.111479735,0.118880004,9.26602295e-06,8.02530774e-06,6.46470469e-06,4.3619213e-06,True,10,0.129207594,0.000799467211,10,0,0,0.127777497,0.130149507,5.16810263e-07,4.77044085e-07,1.77353263e-07,6.39147821e-07,True,2.61239147,retained
ca-HepTh,spread_cv,2,3,200,0.0175292386,0.0012267793,200,0,0,0.0151037272,0.0197732676,8.02530774e-06,7.66981265e-06,7.09506647e-06,1.50498744e-06,True,10,0.0218711093,0.000503279404,10,0,0,0.0212159205,0.022743915,4.77044085e-07,1.84364652e-07,2.04059289e-07,2.53290159e-07,True,2.43757103,retained
ca-HepTh,spread_resid,0,1,200,0.255597053,0.00518343377,200,0,0,0.243831391,0.264918209,2.28141743e-05,1.42393913e-05,5.09278999e-06,2.68679856e-05,True,10,0.259351511,0.00130107281,10,0,0,0.257791825,0.26176398,2.81101256e-07,1.70788362e-06,1.48097205e-07,1.69279047e-06,True,3.98396901,retained
ca-HepTh,spread_resid,1,2,200,0.131181937,0.00328564306,200,0,0,0.124988936,0.138093612,1.42393913e-05,1.29689254e-05,8.20643317e-06,1.07954503e-05,True,10,0.146696383,0.00191848476,10,0,0,0.144152401,0.14980534,1.70788362e-06,1.7369991e-06,-1.17850523e-07,3.68058377e-06,True,1.71262401,retained
ca-HepTh,spread_resid,2,3,200,0.0207999442,0.00149297753,200,0,0,0.0179680709,0.0238833814,1.29689254e-05,1.27549361e-05,1.17474398e-05,2.22898189e-06,True,10,0.026131523,0.00128413778,10,0,0,0.024002425,0.0280345058,1.7369991e-06,2.34810409e-07,1.6139983e-07,1.64900985e-06,True,1.16263032,retained
email-Eu-core,spread_mean,0,1,200,0.0946227147,0.00108205243,200,0,0,0.0924956959,0.0967452047,1.02546231e-06,6.78615995e-07,2.6662042e-07,1.17083747e-06,True,10,0.0975578187,0.000952712296,10,0,0,0.0961987017,0.0985919058,1.37286102e-06,1.2126821e-07,2.93234256e-07,9.07660719e-07,True,1.13575991,retained
email-Eu-core,spread_mean,1,2,200,0.00351261481,0.000679863293,200,0,0,0.00230001667,0.00488134168,6.78615995e-07,6.66940797e-07,4.41671347e-07,4.62214097e-07,True,10,0.00427928233,0.000422981303,10,0,0,0.00380860309,0.00503943241,1.2126821e-07,2.5940814e-07,1.00881584e-07,1.78913182e-07,True,1.60731287,retained
email-Eu-core,spread_mean,2,3,200,0.00438536419,0.000562184999,200,0,0,0.00322836389,0.0054298691,6.66940797e-07,7.25039868e-07,5.37964346e-07,3.16051973e-07,True,10,0.00492420582,0.000454220182,10,0,0,0.00425926589,0.00566504985,2.5940814e-07,1.01915317e-07,7.75037417e-08,2.06315973e-07,True,1.23769269,retained
email-Eu-core,spread_cv,0,1,200,0.0927266792,0.00226131328,200,0,0,0.0882288446,0.0975148142,1.058907e-05,9.56255646e-06,7.51904433e-06,5.11353776e-06,True,10,0.0974083789,0.0010770478,10,0,0,0.0962430741,0.099576137,1.42069553e-06,1.01592881e-06,6.38296185e-07,1.16003197e-06,True,2.09954774,retained
email-Eu-core,spread_cv,1,2,200,0.00360261627,0.00110013749,200,0,0,0.00147734001,0.00592548448,9.56255646e-06,8.34139571e-06,8.34682484e-06,1.21030249e-06,True,10,0.00369440556,0.00037439744,10,0,0,0.00313250028,0.00422843554,1.01592881e-06,7.67903886e-07,8.21829627e-07,1.40173443e-07,True,2.9384215,retained
email-Eu-core,spread_cv,2,3,200,0.00442633636,0.000861046906,200,0,0,0.00290505094,0.00607781056,8.34139571e-06,7.8477217e-06,7.72385782e-06,7.41401775e-07,True,10,0.00547774113,0.000709104986,10,0,0,0.00421137598,0.00634110666,7.67903886e-07,3.28387248e-07,2.96730627e-07,5.02829881e-07,True,1.21427281,retained
email-Eu-core,spread_resid,0,1,200,0.0357209069,0.0426311248,159,0,41,-0.0447267125,0.11614366,0.00104450494,0.00111309876,0.000170095448,0.0018174128,False,10,0.0347332057,0.0228628675,10,0,0,0.00732969086,0.0729694707,0.000144236867,0.000180041745,-9.92160493e-05,0.000522710711,False,1.8646447,neither
email-Eu-core,spread_resid,1,2,200,-0.00575161987,0.0218096794,75,0,125,-0.0451153179,0.0366626142,0.00111309876,0.0010647505,0.000851093572,0.000475662115,False,10,0.0312990264,0.00906488513,10,0,0,0.0163341682,0.0420670751,0.000180041745,0.000183062836,0.000140466219,8.21721424e-05,True,2.4059521,lost
email-Eu-core,spread_resid,2,3,200,0.00355288937,0.0168229508,112,0,88,-0.0279112779,0.038603537,0.0010647505,0.00109693622,0.000939337519,0.000283011672,False,10,-0.0173035124,0.0098987495,0,0,10,-0.0366638838,-0.00762988539,0.000183062836,0.000143352048,0.000114214821,9.79852416e-05,False,1.69950263,neither
facebook_combined,spread_mean,0,1,200,0.274594601,0.00135315901,200,0,0,0.271697061,0.277019039,1.30595252e-06,7.90679402e-07,1.32796311e-07,1.8310393e-06,True,10,0.285330863,0.00126685016,10,0,0,0.28363825,0.287542843,1.64091146e-06,7.32088694e-08,5.46055077e-08,1.60490932e-06,True,1.0681287,retained
facebook_combined,spread_mean,1,2,200,0.00125213105,0.00031277295,200,0,0,0.000629835747,0.00183593973,7.90679402e-07,7.89141092e-07,7.40996788e-07,9.7826918e-08,True,10,0.00154516718,0.000337667105,10,0,0,0.00102568331,0.0020535404,7.32088694e-08,1.84454312e-07,7.18220538e-08,1.14019073e-07,True,0.926276043,retained
facebook_combined,spread_mean,2,3,200,0.00104696565,0.000220369152,200,0,0,0.000662694466,0.00146554064,7.89141092e-07,7.98131905e-07,7.69355217e-07,4.85625631e-08,True,10,0.00124606819,0.000155073588,10,0,0,0.00106235428,0.00147308361,1.84454312e-07,1.24390879e-07,1.42398687e-07,2.40478177e-08,True,1.4210618,retained
facebook_combined,spread_cv,0,1,200,0.680152748,0.00613757936,200,0,0,0.668060106,0.691615897,1.52620718e-05,3.8333524e-05,7.96285772e-06,3.76698804e-05,True,10,0.689712986,0.00496508333,10,0,0,0.681242982,0.69612678,1.99964316e-05,2.23272298e-06,-1.21144893e-06,2.46520524e-05,True,1.23614831,retained
facebook_combined,spread_cv,1,2,200,0.00200669525,0.00167387466,177,0,23,-0.00124945546,0.00511960934,3.8333524e-05,3.61815642e-05,3.58566159e-05,2.80185636e-06,False,10,0.00289613093,0.000992403006,10,0,0,0.00177152454,0.00468753798,2.23272298e-06,2.31813057e-06,1.78299491e-06,9.84863726e-07,True,1.68668842,lost
facebook_combined,spread_cv,2,3,200,-0.000681391542,0.00134957076,60,0,140,-0.0030788757,0.0017561499,3.61815642e-05,3.46113148e-05,3.44857689e-05,1.82134123e-06,False,10,-0.000359025737,0.00097372682,3,0,7,-0.00179110481,0.00119399984,2.31813057e-06,1.2323033e-06,1.30114497e-06,9.48143921e-07,False,1.38598499,neither
facebook_combined,spread_resid,0,1,200,0.419610193,0.00829369181,200,0,0,0.405034364,0.435392852,2.51188453e-05,5.71767766e-05,6.75514903e-06,6.87853238e-05,True,10,0.429495407,0.00473533448,10,0,0,0.422613353,0.435737449,6.84723847e-06,8.812635e-06,-3.3817596e-06,2.24233927e-05,True,1.75144794,retained
facebook_combined,spread_resid,1,2,200,0.00456468361,0.00243678099,193,0,7,-0.000307323301,0.00878756663,5.71767766e-05,5.97207763e-05,5.54798256e-05,5.93790162e-06,False,10,0.00684142917,0.00178015282,10,0,0,0.0046001126,0.0100425002,8.812635e-06,4.06121552e-06,4.85245322e-06,3.16894408e-06,True,1.36886056,lost
facebook_combined,spread_resid,2,3,200,0.000860440378,0.00112501279,155,0,45,-0.00121435245,0.00308658398,5.97207763e-05,5.7795409e-05,5.81252658e-05,1.26565377e-06,False,10,0.00123910868,0.000671731971,10,0,0,0.000186201145,0.00216277961,4.06121552e-06,3.01125244e-06,3.31062206e-06,4.5122384e-07,False,1.67479417,neither
p2p-Gnutella08,spread_mean,0,1,200,0.126230151,0.00108708371,200,0,0,0.124119919,0.128296048,1.57565094e-06,1.44909705e-06,9.21498501e-07,1.18175098e-06,True,10,0.131570179,0.00146397494,10,0,0,0.129664654,0.133948992,1.50274814e-06,1.04664611e-06,2.03085814e-07,2.14322263e-06,True,0.742556225,retained
p2p-Gnutella08,spread_mean,1,2,200,0.0753460909,0.00128055602,200,0,0,0.0729943573,0.0777158369,1.44909705e-06,2.00959576e-06,9.09434544e-07,1.63982372e-06,True,10,0.084629416,0.00123378768,10,0,0,0.0829019937,0.0863686255,1.04664611e-06,4.4921989e-07,-1.3183023e-08,1.52223205e-06,True,1.03790631,retained
p2p-Gnutella08,spread_mean,2,3,200,0.0241258848,0.000903600106,200,0,0,0.0224551592,0.0258843007,2.00959576e-06,1.89965303e-06,1.54637782e-06,8.16493152e-07,True,10,0.0292482425,0.000759936828,10,0,0,0.0282243962,0.0305787246,4.4921989e-07,8.12076752e-08,-2.35382089e-08,5.77503983e-07,True,1.18904634,retained
p2p-Gnutella08,spread_cv,0,1,200,0.126158339,0.00345073955,200,0,0,0.120216403,0.132938441,1.81579355e-05,1.53321417e-05,1.07912369e-05,1.19076034e-05,True,10,0.13625011,0.0017385887,10,0,0,0.133628137,0.139095298,1.27454689e-06,3.31590787e-06,7.83882043e-07,3.02269067e-06,True,1.9847935,retained
p2p-Gnutella08,spread_cv,1,2,200,0.11049892,0.00484197891,200,0,0,0.100077635,0.119424479,1.53321417e-05,2.4315881e-05,8.10163144e-06,2.34447598e-05,True,10,0.125924756,0.00266935891,10,0,0,0.122093894,0.129913883,3.31590787e-06,5.22727477e-06,7.08852813e-07,7.12547701e-06,True,1.81391078,retained
p2p-Gnutella08,spread_cv,2,3,200,0.0528011611,0.00338542553,200,0,0,0.0466232755,0.0607884635,2.4315881e-05,2.41091787e-05,1.84819768e-05,1.1461106e-05,True,10,0.0610960724,0.00237015793,10,0,0,0.0565954014,0.063765187,5.22727477e-06,9.56858993e-07,2.83242562e-07,5.61764863e-06,True,1.42835441,retained
p2p-Gnutella08,spread_resid,0,1,200,0.0896279071,0.0119661543,200,0,0,0.0633998134,0.110756129,3.35060688e-05,0.000165157406,2.77373135e-05,0.000143188848,True,10,0.116530615,0.00442842242,10,0,0,0.110284354,0.122885544,9.18277407e-06,1.61798659e-05,2.87585742e-06,1.96109251e-05,True,2.70212575,retained
p2p-Gnutella08,spread_resid,1,2,200,0.107622821,0.0114755576,200,0,0,0.0878753901,0.131536628,0.000165157406,8.34082895e-05,5.84386373e-05,0.000131688421,True,10,0.117115612,0.00565981866,10,0,0,0.110633828,0.126516753,1.61798659e-05,5.97481889e-06,-4.93943122e-06,3.20335472e-05,True,2.02754863,retained
p2p-Gnutella08,spread_resid,2,3,200,0.0515999718,0.00570102619,200,0,0,0.0405452912,0.0630054504,8.34082895e-05,8.25403921e-05,6.6723491e-05,3.25016996e-05,True,10,0.0642436628,0.00393184163,10,0,0,0.0591122092,0.0703765448,5.97481889e-06,9.29561784e-06,-9.44709321e-08,1.54593786e-05,True,1.44996333,retained
