PHASE 6 STRUCTURAL-TIER PAIRED RADIUS-GAIN TARGET-NOISE ANALYSIS

Read-only analysis of the completed structural-tier target-bootstrap corpus and current
keep-last structural seed sweeps. No targets, fits, or simulations ran during analysis.
Scope: 45 adjacent-radius contrasts (5 networks x 3 Monte Carlo targets x 3 gains),
node+edge+subgraph only; 200 paired target-bootstrap replicates and 10 paired seeds.

Heuristic copied from analyse.py: |mean paired gain| > 2 * sample SD.
Seed flags: 41/45; target-bootstrap flags: 40/45.
Flag changes (target-bootstrap relative to seed): retained=40, lost=1, new=0, neither=4.
Target/seed paired-SD ratio: median 1.758; range 0.642--5.676 over 45 nonzero-denominator contrasts.

Percentile spans are observed distribution percentiles, not CIs, p-values, or
multiplicity-adjusted tests. The target-bootstrap and seed distributions condition on
different perturbations; their SDs are not combined into total uncertainty.

Input/source SHA-256 (repository-relative labels):
SHA256 b0de90a3986714cf1bab8f139d1a34b3f4011ab6a4de6e4db99610d159e35ead  results/results_target_noise_refit_structural.csv
SHA256 d3ff197e791e6a7aaaf506e15d50538417ea7275e8dc00bd5d8cd10376561865  results/provenance_target_noise_refit_structural.json
SHA256 00adf5312c3fe8b630836072b84943dee57eb2ff834c93c6238d9e515a0c274c  sweep_ca-GrQc.csv
SHA256 768e668102e97fa7c72e9615f931d6859671ba70a76a9547efcc030b737e7465  sweep_ca-HepTh.csv
SHA256 994972db224b893cb57c9841bd18b226cba1f01d6e737ac75c78c4853cc2a96e  sweep_email-Eu-core.csv
SHA256 fe89fbc757f3c3f46db6c59002439e065a280293c67c4995eb55c9cc84aaab74  sweep_facebook_combined.csv
SHA256 daa573159124e7854d2f03e9d8e51e2de483da9c20e0a19d2c3616df3fd1ea77  sweep_p2p-Gnutella08.csv
SHA256 cd130c08ab70a049de69c6a1afdce00405d392dd1ecefcf503fa9dee4786c68c  analyse_structural_target_noise.py
SHA256 e08d69b3936908d54dc233a87cfe50d56f8de7a3765b9afdcb4b8945989f0a15  analyse_paired_target_noise.py
SHA256 f6bd70fd4aa7680f0cc29b0338f7b0a09da168665a591ea12f0ce07c685c0230  results/results_paired_target_noise_structural.csv

Per contrast (gain = tau(r+1) - tau(r); variance identity = var(lower) +
var(upper) - 2*covariance):
network,target,radius_from,radius_to,target_n,target_mean,target_sd,target_positive,target_zero,target_negative,target_p025,target_p975,target_lower_variance,target_upper_variance,target_covariance,target_variance_identity,target_heuristic_star,seed_n,seed_mean,seed_sd,seed_positive,seed_zero,seed_negative,seed_p025,seed_p975,seed_lower_variance,seed_upper_variance,seed_covariance,seed_variance_identity,seed_heuristic_star,target_over_seed_sd,flag_change
ca-GrQc,spread_mean,0,1,200,0.11672484,0.00132128543,200,0,0,0.1139499,0.119065097,1.82202758e-06,2.18362013e-06,1.12992626e-06,1.7457952e-06,True,10,0.126612718,0.00205659994,10,0,0,0.124636382,0.129838677,3.48941481e-06,4.10216706e-07,-1.64985891e-07,4.22960329e-06,True,0.642461089,retained
ca-GrQc,spread_mean,1,2,200,0.0303844184,0.00121786342,200,0,0,0.0278240396,0.0328828,2.18362013e-06,1.58125122e-06,1.14084002e-06,1.48319132e-06,True,10,0.0342753861,0.000506818855,10,0,0,0.0334736009,0.0350320831,4.10216706e-07,1.81835749e-07,1.67593551e-07,2.56865352e-07,True,2.40295603,retained
ca-GrQc,spread_mean,2,3,200,0.00201610734,0.000425724345,200,0,0,0.00117716338,0.00280380134,1.58125122e-06,1.61821463e-06,1.50911232e-06,1.81241218e-07,True,10,0.00250889423,0.000159075448,10,0,0,0.00225261487,0.00271038538,1.81835749e-07,1.56528283e-07,1.56529517e-07,2.53049981e-08,True,2.67624169,retained
ca-GrQc,spread_cv,0,1,200,0.203609396,0.00350656708,200,0,0,0.197208016,0.210059077,1.00915826e-05,2.03840223e-05,9.08979609e-06,1.22960127e-05,True,10,0.212179881,0.0034670103,10,0,0,0.20601205,0.215384842,3.52614319e-06,4.40944295e-06,-2.04228714e-06,1.20201604e-05,True,1.01140948,retained
ca-GrQc,spread_cv,1,2,200,0.122277998,0.0038340507,200,0,0,0.115139671,0.129169199,2.03840223e-05,2.07377932e-05,1.32109353e-05,1.46999448e-05,True,10,0.132542317,0.00215117004,10,0,0,0.12978233,0.135983859,4.40944295e-06,3.32827335e-06,1.55509188e-06,4.62753254e-06,True,1.78230946,retained
ca-GrQc,spread_cv,2,3,200,0.0114453668,0.0019223053,200,0,0,0.00790039153,0.0152190404,2.07377932e-05,1.88379752e-05,1.79402554e-05,3.69525767e-06,True,10,0.0159347771,0.00112762059,10,0,0,0.0141354974,0.0176091872,3.32827335e-06,2.72543699e-06,2.39109107e-06,1.27152819e-06,True,1.70474477,retained
ca-GrQc,spread_resid,0,1,200,0.301900733,0.00772340229,200,0,0,0.286756721,0.313325714,2.855111e-05,4.4793808e-05,6.84698756e-06,5.9650943e-05,True,10,0.274541914,0.00400180507,10,0,0,0.267811719,0.279677557,7.7224513e-06,6.35749184e-06,-9.67250347e-07,1.60144438e-05,True,1.92997963,retained
ca-GrQc,spread_resid,1,2,200,0.135462104,0.00588584231,200,0,0,0.123562798,0.145985495,4.4793808e-05,5.31127802e-05,3.16317242e-05,3.46431397e-05,True,10,0.153680372,0.00316079837,10,0,0,0.150793044,0.15978164,6.35749184e-06,2.2694112e-06,-6.81871636e-07,9.99064631e-06,True,1.86213786,retained
ca-GrQc,spread_resid,2,3,200,0.01269043,0.00290836422,200,0,0,0.00778955139,0.0181658152,5.31127802e-05,4.40047215e-05,4.43294596e-05,8.45858243e-06,True,10,0.0194452611,0.00106900008,10,0,0,0.0176621751,0.0206395362,2.2694112e-06,3.72415787e-06,2.42540395e-06,1.14276116e-06,True,2.72063986,retained
ca-HepTh,spread_mean,0,1,200,0.167010491,0.000903434844,200,0,0,0.165043224,0.168896753,7.69584331e-07,1.17766273e-06,5.65526271e-07,8.16194517e-07,True,10,0.173859298,0.000717899324,10,0,0,0.172843754,0.174835013,4.90984316e-07,1.65381143e-07,7.04930095e-08,5.1537944e-07,True,1.25844225,retained
ca-HepTh,spread_mean,1,2,200,0.0429604115,0.000822341451,200,0,0,0.0413304795,0.0444551752,1.17766273e-06,8.03544448e-07,6.52480856e-07,6.76245462e-07,True,10,0.0494397208,0.000433047608,10,0,0,0.0488489748,0.0501135489,1.65381143e-07,3.2899788e-08,5.37534991e-09,1.87530231e-07,True,1.89896315,retained
ca-HepTh,spread_mean,2,3,200,0.00373588448,0.000315618443,200,0,0,0.0031787982,0.00440449267,8.03544448e-07,7.45027e-07,7.24478223e-07,9.96150017e-08,True,10,0.00474221744,0.000183504868,10,0,0,0.00444224822,0.00496117784,3.2899788e-08,5.69632275e-08,2.80944894e-08,3.36740367e-08,True,1.71994589,retained
ca-HepTh,spread_cv,0,1,200,0.313845254,0.00297499196,200,0,0,0.308140008,0.319856851,3.34370747e-06,1.00265892e-05,2.25985977e-06,8.85057717e-06,True,10,0.328413723,0.00118115159,10,0,0,0.326628878,0.330186131,5.86325019e-07,1.3931734e-06,2.92189669e-07,1.39511908e-06,True,2.51872154,retained
ca-HepTh,spread_cv,1,2,200,0.128420887,0.0023491583,200,0,0,0.124120818,0.132658458,1.00265892e-05,8.02530774e-06,6.26667612e-06,5.51854474e-06,True,10,0.143470861,0.00129462896,10,0,0,0.141526407,0.145498384,1.3931734e-06,4.77044085e-07,9.7076666e-08,1.67606416e-06,True,1.81454175,retained
ca-HepTh,spread_cv,2,3,200,0.0175292386,0.0012267793,200,0,0,0.0151037272,0.0197732676,8.02530774e-06,7.66981265e-06,7.09506647e-06,1.50498744e-06,True,10,0.0218711093,0.000503279404,10,0,0,0.0212159205,0.022743915,4.77044085e-07,1.84364652e-07,2.04059289e-07,2.53290159e-07,True,2.43757103,retained
ca-HepTh,spread_resid,0,1,200,0.24471923,0.00496882962,200,0,0,0.234042111,0.253413168,2.28141743e-05,1.49160347e-05,6.52047063e-06,2.46892678e-05,True,10,0.247134113,0.000875404066,10,0,0,0.246248927,0.248903609,2.81101256e-07,1.19725e-06,3.56009487e-07,7.66332279e-07,True,5.67604128,retained
ca-HepTh,spread_resid,1,2,200,0.14205976,0.00339687099,200,0,0,0.134807347,0.149066493,1.49160347e-05,1.29689254e-05,8.17311378e-06,1.15387325e-05,True,10,0.158913781,0.00186810116,10,0,0,0.156380954,0.161339331,1.19725e-06,1.7369991e-06,-2.77776429e-07,3.48980195e-06,True,1.81835495,retained
ca-HepTh,spread_resid,2,3,200,0.0207999442,0.00149297753,200,0,0,0.0179680709,0.0238833814,1.29689254e-05,1.27549361e-05,1.17474398e-05,2.22898189e-06,True,10,0.026131523,0.00128413778,10,0,0,0.024002425,0.0280345058,1.7369991e-06,2.34810409e-07,1.6139983e-07,1.64900985e-06,True,1.16263032,retained
email-Eu-core,spread_mean,0,1,200,0.0925407581,0.00103754556,200,0,0,0.0905358787,0.0945142509,1.02546231e-06,7.90240785e-07,3.69601156e-07,1.07650078e-06,True,10,0.095100282,0.000948790615,10,0,0,0.0935143437,0.0960769829,1.37286102e-06,9.72399243e-08,2.84948657e-07,9.00203632e-07,True,1.09354534,retained
email-Eu-core,spread_mean,1,2,200,0.00559457141,0.000751917953,200,0,0,0.00437419939,0.00699895625,7.90240785e-07,6.66940797e-07,4.45900487e-07,5.65380608e-07,True,10,0.00673681908,0.000427693341,10,0,0,0.00625205151,0.00746360121,9.72399243e-08,2.5940814e-07,8.6863235e-08,1.82921594e-07,True,1.7580773,retained
email-Eu-core,spread_mean,2,3,200,0.00438536419,0.000562184999,200,0,0,0.00322836389,0.0054298691,6.66940797e-07,7.25039868e-07,5.37964346e-07,3.16051973e-07,True,10,0.00492420582,0.000454220182,10,0,0,0.00425926589,0.00566504985,2.5940814e-07,1.01915317e-07,7.75037417e-08,2.06315973e-07,True,1.23769269,retained
email-Eu-core,spread_cv,0,1,200,0.0894758428,0.0018800913,200,0,0,0.0854726499,0.093094979,1.058907e-05,1.09554307e-05,9.00487869e-06,3.5347433e-06,True,10,0.0932092574,0.00120620008,10,0,0,0.0917589583,0.0951980977,1.42069553e-06,6.6768962e-07,3.16733263e-07,1.45491863e-06,True,1.55868942,retained
email-Eu-core,spread_cv,1,2,200,0.00685345276,0.00166796399,200,0,0,0.00345071365,0.00993264271,1.09554307e-05,8.34139571e-06,8.25736127e-06,2.78210388e-06,True,10,0.007893527,0.000636187732,10,0,0,0.0068884058,0.00874169865,6.6768962e-07,7.67903886e-07,5.15429338e-07,4.0473483e-07,True,2.621811,retained
email-Eu-core,spread_cv,2,3,200,0.00442633636,0.000861046906,200,0,0,0.00290505094,0.00607781056,8.34139571e-06,7.8477217e-06,7.72385782e-06,7.41401775e-07,True,10,0.00547774113,0.000709104986,10,0,0,0.00421137598,0.00634110666,7.67903886e-07,3.28387248e-07,2.96730627e-07,5.02829881e-07,True,1.21427281,retained
email-Eu-core,spread_resid,0,1,200,0.032866593,0.044155214,157,0,43,-0.0576634713,0.117861691,0.00104450494,0.00116738366,0.00013110284,0.00194968292,False,10,0.0240497197,0.0247767031,9,0,1,-0.00249678637,0.0699720309,0.000144236867,0.000270235891,-9.97061278e-05,0.000613885014,False,1.78212629,neither
email-Eu-core,spread_resid,1,2,200,-0.00289730593,0.0244311372,92,0,108,-0.0533266299,0.0418402078,0.00116738366,0.0010647505,0.000817626847,0.000596880465,False,10,0.0419825124,0.00892113218,10,0,0,0.0255472451,0.0520770108,0.000270235891,0.000183062836,0.000186856064,7.95865993e-05,True,2.73856913,lost
email-Eu-core,spread_resid,2,3,200,0.00355288937,0.0168229508,112,0,88,-0.0279112779,0.038603537,0.0010647505,0.00109693622,0.000939337519,0.000283011672,False,10,-0.0173035124,0.0098987495,0,0,10,-0.0366638838,-0.00762988539,0.000183062836,0.000143352048,0.000114214821,9.79852416e-05,False,1.69950263,neither
facebook_combined,spread_mean,0,1,200,0.265009547,0.00140216286,200,0,0,0.262157196,0.267926822,1.30595252e-06,9.57399853e-07,1.48645838e-07,1.96606069e-06,True,10,0.274824036,0.00145101358,10,0,0,0.272619758,0.27722289,1.64091146e-06,2.39062857e-07,-1.12733045e-07,2.10544041e-06,True,0.966333384,retained
facebook_combined,spread_mean,1,2,200,0.0108371843,0.000534216216,200,0,0,0.00981790893,0.0119641074,9.57399853e-07,7.89141092e-07,7.3057699e-07,2.85386966e-07,True,10,0.0120519944,0.000587590932,10,0,0,0.0111525282,0.0129004346,2.39062857e-07,1.84454312e-07,3.91270327e-08,3.45263103e-07,True,0.90916348,retained
facebook_combined,spread_mean,2,3,200,0.00104696655,0.000220370078,200,0,0,0.000662694466,0.00146554064,7.89141092e-07,7.98134415e-07,7.69356268e-07,4.85629713e-08,True,10,0.00124606819,0.000155073588,10,0,0,0.00106235428,0.00147308361,1.84454312e-07,1.24390879e-07,1.42398687e-07,2.40478177e-08,True,1.42106777,retained
facebook_combined,spread_cv,0,1,200,0.672908899,0.0055415427,200,0,0,0.663161027,0.684432308,1.52620718e-05,3.49361778e-05,9.74477706e-06,3.07086955e-05,True,10,0.683505669,0.00493819865,10,0,0,0.675359855,0.689982588,1.99964316e-05,1.8877218e-06,-1.25082628e-06,2.43858059e-05,True,1.12217898,retained
facebook_combined,spread_cv,1,2,200,0.00925054405,0.00209246926,200,0,0,0.00536506537,0.0134814246,3.49361778e-05,3.61815642e-05,3.33696572e-05,4.37842762e-06,True,10,0.00910344792,0.00104673604,10,0,0,0.00774157284,0.010709703,1.8877218e-06,2.31813057e-06,1.55509801e-06,1.09565634e-06,True,1.99904196,retained
facebook_combined,spread_cv,2,3,200,-0.000681391542,0.00134957076,60,0,140,-0.0030788757,0.0017561499,3.61815642e-05,3.46113148e-05,3.44857689e-05,1.82134123e-06,False,10,-0.000359025737,0.00097372682,3,0,7,-0.00179110481,0.00119399984,2.31813057e-06,1.2323033e-06,1.30114497e-06,9.48143921e-07,False,1.38598499,neither
facebook_combined,spread_resid,0,1,200,0.407387838,0.00810718181,200,0,0,0.390237897,0.423743645,2.51188453e-05,5.68251272e-05,8.10878779e-06,6.57263969e-05,True,10,0.417697152,0.00449635091,10,0,0,0.410160273,0.422845094,6.84723847e-06,7.79931991e-06,-2.78530658e-06,2.02171715e-05,True,1.80305807,retained
facebook_combined,spread_resid,1,2,200,0.0167870379,0.0031843293,200,0,0,0.010039611,0.0226416855,5.68251272e-05,5.97207763e-05,5.32029752e-05,1.01399531e-05,True,10,0.0186396845,0.00180551951,10,0,0,0.0158091888,0.0208874699,7.79931991e-06,4.06121552e-06,4.30031735e-06,3.25990072e-06,True,1.76366374,retained
facebook_combined,spread_resid,2,3,200,0.000860440378,0.00112501279,155,0,45,-0.00121435245,0.00308658398,5.97207763e-05,5.7795409e-05,5.81252658e-05,1.26565377e-06,False,10,0.00123910868,0.000671731971,10,0,0,0.000186201145,0.00216277961,4.06121552e-06,3.01125244e-06,3.31062206e-06,4.5122384e-07,False,1.67479417,neither
p2p-Gnutella08,spread_mean,0,1,200,0.117183404,0.0011073257,200,0,0,0.115062136,0.119243752,1.57565094e-06,1.42249647e-06,8.85988603e-07,1.2261702e-06,True,10,0.122278586,0.00125475337,10,0,0,0.120427436,0.124181874,1.50274814e-06,9.01153646e-07,4.14747882e-07,1.57440603e-06,True,0.882504659,retained
p2p-Gnutella08,spread_mean,1,2,200,0.0843928377,0.00127859255,200,0,0,0.0818799408,0.0868285839,1.42249647e-06,2.00959576e-06,8.98646662e-07,1.63479891e-06,True,10,0.0939210092,0.000981317641,10,0,0,0.0926374422,0.0955453695,9.01153646e-07,4.4921989e-07,1.93694612e-07,9.62984313e-07,True,1.30293444,retained
p2p-Gnutella08,spread_mean,2,3,200,0.0241258848,0.000903600106,200,0,0,0.0224551592,0.0258843007,2.00959576e-06,1.89965303e-06,1.54637782e-06,8.16493152e-07,True,10,0.0292482425,0.000759936828,10,0,0,0.0282243962,0.0305787246,4.4921989e-07,8.12076752e-08,-2.35382089e-08,5.77503983e-07,True,1.18904634,retained
p2p-Gnutella08,spread_cv,0,1,200,0.119171349,0.00348279943,200,0,0,0.11317873,0.126304264,1.81579355e-05,1.54135657e-05,1.07208046e-05,1.21298919e-05,True,10,0.128844818,0.00164740636,10,0,0,0.126555809,0.131419182,1.27454689e-06,3.03126096e-06,7.95930063e-07,2.71394772e-06,True,2.11411071,retained
p2p-Gnutella08,spread_cv,1,2,200,0.117485909,0.00484341152,200,0,0,0.107480206,0.126205027,1.54135657e-05,2.4315881e-05,8.13540575e-06,2.34586351e-05,True,10,0.133330048,0.00257807792,10,0,0,0.129803738,0.137540097,3.03126096e-06,5.22727477e-06,8.06024973e-07,6.64648578e-06,True,1.87869089,retained
p2p-Gnutella08,spread_cv,2,3,200,0.0528011611,0.00338542553,200,0,0,0.0466232755,0.0607884635,2.4315881e-05,2.41091787e-05,1.84819768e-05,1.1461106e-05,True,10,0.0610960724,0.00237015793,10,0,0,0.0565954014,0.063765187,5.22727477e-06,9.56858993e-07,2.83242562e-07,5.61764863e-06,True,1.42835441,retained
p2p-Gnutella08,spread_resid,0,1,200,0.0838782627,0.0120264731,200,0,0,0.0575266012,0.105550427,3.35060688e-05,0.000166735828,2.78029204e-05,0.000144636056,True,10,0.110498523,0.00451342672,10,0,0,0.104800263,0.116515581,9.18277407e-06,1.58419123e-05,2.32683281e-06,2.03710208e-05,True,2.66459918,retained
p2p-Gnutella08,spread_resid,1,2,200,0.113372466,0.0116433601,200,0,0,0.0927754486,0.136447792,0.000166735828,8.34082895e-05,5.72881419e-05,0.000135567834,True,10,0.123147705,0.00531490463,10,0,0,0.115829354,0.131593721,1.58419123e-05,5.97481889e-06,-3.21574003e-06,2.82482113e-05,True,2.19069972,retained
p2p-Gnutella08,spread_resid,2,3,200,0.0515999718,0.00570102619,200,0,0,0.0405452912,0.0630054504,8.34082895e-05,8.25403921e-05,6.6723491e-05,3.25016996e-05,True,10,0.0642436628,0.00393184163,10,0,0,0.0591122092,0.0703765448,5.97481889e-06,9.29561784e-06,-9.44709321e-08,1.54593786e-05,True,1.44996333,retained
